# Following are all parameters required to describe a camera's intrinsic
_TYPE = UNIVERSAL				# parameter type
_W = 1280						# image width, in pixel
_H = 720						# image height, in pixel
_CU = 654.5922241				# optic center, u, in pixel
_CV = 354.9534302				# optic center, v, in pixel
_C = 0.925194025				# skew parameter, c
_D = -0.069209099				# skew parameter, d
_E = 0.079010628				# skew parameter, e
_FOV_AT_CU = 1.74604702			# fov, at optic center, u, in radius 
_FOV_AT_CV = 0.898002982		# fov, at optic center, v, in radius 
_DISORT_STEP = 0.1            	# disortion angle step, by default 0.1 degree
_DISORT_SIZE = 1001				# disortion curve size
_DISORT	=						# disortion, first column is angle, in degree, second row column is radius, in mm
0.000000 0.000000
0.100000 0.001699
0.200000 0.003397
0.300000 0.005096
0.400000 0.006795
0.500000 0.008494
0.600000 0.010193
0.700000 0.011891
0.800000 0.013590
0.900000 0.015289
1.000000 0.016988
1.100000 0.018687
1.200000 0.020386
1.300000 0.022086
1.400000 0.023785
1.500000 0.025484
1.600000 0.027184
1.700000 0.028883
1.800000 0.030583
1.900000 0.032283
2.000000 0.033982
2.100000 0.035682
2.200000 0.037383
2.300000 0.039083
2.400000 0.040783
2.500000 0.042484
2.600000 0.044184
2.700000 0.045885
2.800000 0.047586
2.900000 0.049287
3.000000 0.050988
3.100000 0.052690
3.200000 0.054392
3.300000 0.056093
3.400000 0.057795
3.500000 0.059498
3.600000 0.061200
3.700000 0.062903
3.800000 0.064605
3.900000 0.066308
4.000000 0.068012
4.100000 0.069715
4.200000 0.071419
4.300000 0.073123
4.400000 0.074827
4.500000 0.076531
4.600000 0.078236
4.700000 0.079941
4.800000 0.081646
4.900000 0.083352
5.000000 0.085058
5.100000 0.086764
5.200000 0.088470
5.300000 0.090177
5.400000 0.091883
5.500000 0.093591
5.600000 0.095298
5.700000 0.097006
5.800000 0.098714
5.900000 0.100422
6.000000 0.102131
6.100000 0.103840
6.200000 0.105550
6.300000 0.107259
6.400000 0.108969
6.500000 0.110680
6.600000 0.112390
6.700000 0.114101
6.800000 0.115813
6.900000 0.117525
7.000000 0.119237
7.100000 0.120949
7.200000 0.122662
7.300000 0.124375
7.400000 0.126089
7.500000 0.127803
7.600000 0.129517
7.700000 0.131232
7.800000 0.132947
7.900000 0.134663
8.000000 0.136379
8.100000 0.138095
8.200000 0.139812
8.300000 0.141529
8.400000 0.143247
8.500000 0.144965
8.600000 0.146683
8.700000 0.148402
8.800000 0.150121
8.900000 0.151841
9.000000 0.153561
9.100000 0.155281
9.200000 0.157002
9.300000 0.158724
9.400000 0.160445
9.500000 0.162168
9.600000 0.163890
9.700000 0.165614
9.800000 0.167337
9.900000 0.169061
10.000000 0.170786
10.100000 0.172511
10.200000 0.174236
10.300000 0.175962
10.400000 0.177688
10.500000 0.179415
10.600000 0.181142
10.700000 0.182870
10.800000 0.184598
10.900000 0.186327
11.000000 0.188056
11.100000 0.189786
11.200000 0.191516
11.300000 0.193247
11.400000 0.194978
11.500000 0.196709
11.600000 0.198441
11.700000 0.200174
11.800000 0.201907
11.900000 0.203640
12.000000 0.205374
12.100000 0.207109
12.200000 0.208844
12.300000 0.210580
12.400000 0.212316
12.500000 0.214052
12.600000 0.215789
12.700000 0.217527
12.800000 0.219265
12.900000 0.221003
13.000000 0.222742
13.100000 0.224482
13.200000 0.226222
13.300000 0.227962
13.400000 0.229704
13.500000 0.231445
13.600000 0.233187
13.700000 0.234930
13.800000 0.236673
13.900000 0.238417
14.000000 0.240161
14.100000 0.241906
14.200000 0.243651
14.300000 0.245397
14.400000 0.247143
14.500000 0.248890
14.600000 0.250637
14.700000 0.252385
14.800000 0.254133
14.900000 0.255882
15.000000 0.257632
15.100000 0.259382
15.200000 0.261132
15.300000 0.262883
15.400000 0.264635
15.500000 0.266387
15.600000 0.268139
15.700000 0.269893
15.800000 0.271646
15.900000 0.273401
16.000000 0.275155
16.100000 0.276911
16.200000 0.278667
16.300000 0.280423
16.400000 0.282180
16.500000 0.283937
16.600000 0.285695
16.700000 0.287454
16.800000 0.289213
16.900000 0.290973
17.000000 0.292733
17.100000 0.294493
17.200000 0.296255
17.300000 0.298017
17.400000 0.299779
17.500000 0.301542
17.600000 0.303305
17.700000 0.305069
17.800000 0.306834
17.900000 0.308599
18.000000 0.310365
18.100000 0.312131
18.200000 0.313898
18.300000 0.315665
18.400000 0.317433
18.500000 0.319201
18.600000 0.320970
18.700000 0.322740
18.800000 0.324510
18.900000 0.326280
19.000000 0.328052
19.100000 0.329823
19.200000 0.331596
19.300000 0.333369
19.400000 0.335142
19.500000 0.336916
19.600000 0.338691
19.700000 0.340466
19.800000 0.342242
19.900000 0.344018
20.000000 0.345795
20.100000 0.347572
20.200000 0.349350
20.300000 0.351129
20.400000 0.352908
20.500000 0.354688
20.600000 0.356468
20.700000 0.358249
20.800000 0.360031
20.900000 0.361813
21.000000 0.363595
21.100000 0.365378
21.200000 0.367162
21.300000 0.368947
21.400000 0.370732
21.500000 0.372517
21.600000 0.374303
21.700000 0.376090
21.800000 0.377878
21.900000 0.379666
22.000000 0.381454
22.100000 0.383243
22.200000 0.385033
22.300000 0.386823
22.400000 0.388614
22.500000 0.390406
22.600000 0.392198
22.700000 0.393991
22.800000 0.395785
22.900000 0.397579
23.000000 0.399373
23.100000 0.401169
23.200000 0.402964
23.300000 0.404761
23.400000 0.406558
23.500000 0.408356
23.600000 0.410154
23.700000 0.411953
23.800000 0.413753
23.900000 0.415554
24.000000 0.417354
24.100000 0.419156
24.200000 0.420958
24.300000 0.422761
24.400000 0.424565
24.500000 0.426369
24.600000 0.428174
24.700000 0.429980
24.800000 0.431786
24.900000 0.433593
25.000000 0.435400
25.100000 0.437208
25.200000 0.439017
25.300000 0.440827
25.400000 0.442637
25.500000 0.444448
25.600000 0.446260
25.700000 0.448072
25.800000 0.449885
25.900000 0.451699
26.000000 0.453513
26.100000 0.455328
26.200000 0.457144
26.300000 0.458961
26.400000 0.460778
26.500000 0.462596
26.600000 0.464414
26.700000 0.466234
26.800000 0.468054
26.900000 0.469875
27.000000 0.471696
27.100000 0.473519
27.200000 0.475342
27.300000 0.477166
27.400000 0.478990
27.500000 0.480816
27.600000 0.482642
27.700000 0.484468
27.800000 0.486296
27.900000 0.488124
28.000000 0.489954
28.100000 0.491783
28.200000 0.493614
28.300000 0.495446
28.400000 0.497278
28.500000 0.499111
28.600000 0.500945
28.700000 0.502780
28.800000 0.504615
28.900000 0.506451
29.000000 0.508288
29.100000 0.510126
29.200000 0.511965
29.300000 0.513805
29.400000 0.515645
29.500000 0.517486
29.600000 0.519328
29.700000 0.521171
29.800000 0.523015
29.900000 0.524860
30.000000 0.526705
30.100000 0.528552
30.200000 0.530399
30.300000 0.532247
30.400000 0.534096
30.500000 0.535946
30.600000 0.537797
30.700000 0.539648
30.800000 0.541501
30.900000 0.543354
31.000000 0.545209
31.100000 0.547064
31.200000 0.548920
31.300000 0.550777
31.400000 0.552635
31.500000 0.554494
31.600000 0.556354
31.700000 0.558215
31.800000 0.560077
31.900000 0.561940
32.000000 0.563804
32.100000 0.565668
32.200000 0.567534
32.300000 0.569401
32.400000 0.571268
32.500000 0.573137
32.600000 0.575007
32.700000 0.576877
32.800000 0.578749
32.900000 0.580621
33.000000 0.582495
33.100000 0.584370
33.200000 0.586245
33.300000 0.588122
33.400000 0.590000
33.500000 0.591878
33.600000 0.593758
33.700000 0.595639
33.800000 0.597521
33.900000 0.599404
34.000000 0.601288
34.100000 0.603173
34.200000 0.605059
34.300000 0.606947
34.400000 0.608835
34.500000 0.610724
34.600000 0.612615
34.700000 0.614506
34.800000 0.616399
34.900000 0.618293
35.000000 0.620188
35.100000 0.622084
35.200000 0.623981
35.300000 0.625880
35.400000 0.627779
35.500000 0.629680
35.600000 0.631582
35.700000 0.633485
35.800000 0.635389
35.900000 0.637294
36.000000 0.639200
36.100000 0.641108
36.200000 0.643017
36.300000 0.644927
36.400000 0.646838
36.500000 0.648750
36.600000 0.650664
36.700000 0.652578
36.800000 0.654494
36.900000 0.656412
37.000000 0.658330
37.100000 0.660250
37.200000 0.662171
37.300000 0.664093
37.400000 0.666016
37.500000 0.667941
37.600000 0.669866
37.700000 0.671794
37.800000 0.673722
37.900000 0.675651
38.000000 0.677582
38.100000 0.679515
38.200000 0.681448
38.300000 0.683383
38.400000 0.685319
38.500000 0.687256
38.600000 0.689195
38.700000 0.691134
38.800000 0.693076
38.900000 0.695018
39.000000 0.696962
39.100000 0.698907
39.200000 0.700854
39.300000 0.702801
39.400000 0.704750
39.500000 0.706701
39.600000 0.708653
39.700000 0.710606
39.800000 0.712560
39.900000 0.714516
40.000000 0.716473
40.100000 0.718432
40.200000 0.720392
40.300000 0.722353
40.400000 0.724316
40.500000 0.726280
40.600000 0.728245
40.700000 0.730212
40.800000 0.732180
40.900000 0.734150
41.000000 0.736120
41.100000 0.738093
41.200000 0.740066
41.300000 0.742042
41.400000 0.744018
41.500000 0.745996
41.600000 0.747975
41.700000 0.749956
41.800000 0.751938
41.900000 0.753922
42.000000 0.755907
42.100000 0.757893
42.200000 0.759881
42.300000 0.761870
42.400000 0.763861
42.500000 0.765853
42.600000 0.767846
42.700000 0.769841
42.800000 0.771837
42.900000 0.773835
43.000000 0.775835
43.100000 0.777835
43.200000 0.779837
43.300000 0.781841
43.400000 0.783846
43.500000 0.785852
43.600000 0.787860
43.700000 0.789870
43.800000 0.791880
43.900000 0.793893
44.000000 0.795906
44.100000 0.797921
44.200000 0.799938
44.300000 0.801956
44.400000 0.803975
44.500000 0.805996
44.600000 0.808019
44.700000 0.810042
44.800000 0.812068
44.900000 0.814095
45.000000 0.816123
45.100000 0.818152
45.200000 0.820183
45.300000 0.822216
45.400000 0.824250
45.500000 0.826285
45.600000 0.828322
45.700000 0.830361
45.800000 0.832400
45.900000 0.834442
46.000000 0.836484
46.100000 0.838528
46.200000 0.840574
46.300000 0.842621
46.400000 0.844669
46.500000 0.846719
46.600000 0.848771
46.700000 0.850823
46.800000 0.852877
46.900000 0.854933
47.000000 0.856990
47.100000 0.859049
47.200000 0.861108
47.300000 0.863170
47.400000 0.865232
47.500000 0.867297
47.600000 0.869362
47.700000 0.871429
47.800000 0.873497
47.900000 0.875567
48.000000 0.877638
48.100000 0.879711
48.200000 0.881785
48.300000 0.883860
48.400000 0.885937
48.500000 0.888015
48.600000 0.890095
48.700000 0.892175
48.800000 0.894258
48.900000 0.896341
49.000000 0.898426
49.100000 0.900513
49.200000 0.902600
49.300000 0.904689
49.400000 0.906780
49.500000 0.908871
49.600000 0.910964
49.700000 0.913059
49.800000 0.915155
49.900000 0.917252
50.000000 0.919350
50.100000 0.921450
50.200000 0.923550
50.300000 0.925653
50.400000 0.927756
50.500000 0.929861
50.600000 0.931967
50.700000 0.934075
50.800000 0.936183
50.900000 0.938293
51.000000 0.940404
51.100000 0.942517
51.200000 0.944631
51.300000 0.946746
51.400000 0.948862
51.500000 0.950979
51.600000 0.953098
51.700000 0.955218
51.800000 0.957339
51.900000 0.959461
52.000000 0.961584
52.100000 0.963709
52.200000 0.965835
52.300000 0.967962
52.400000 0.970090
52.500000 0.972219
52.600000 0.974349
52.700000 0.976481
52.800000 0.978614
52.900000 0.980748
53.000000 0.982883
53.100000 0.985019
53.200000 0.987156
53.300000 0.989294
53.400000 0.991433
53.500000 0.993574
53.600000 0.995715
53.700000 0.997858
53.800000 1.000001
53.900000 1.002146
54.000000 1.004292
54.100000 1.006439
54.200000 1.008586
54.300000 1.010735
54.400000 1.012885
54.500000 1.015036
54.600000 1.017187
54.700000 1.019340
54.800000 1.021494
54.900000 1.023648
55.000000 1.025804
55.100000 1.027961
55.200000 1.030118
55.300000 1.032277
55.400000 1.034436
55.500000 1.036596
55.600000 1.038757
55.700000 1.040919
55.800000 1.043082
55.900000 1.045246
56.000000 1.047411
56.100000 1.049576
56.200000 1.051743
56.300000 1.053910
56.400000 1.056078
56.500000 1.058247
56.600000 1.060416
56.700000 1.062587
56.800000 1.064758
56.900000 1.066930
57.000000 1.069103
57.100000 1.071276
57.200000 1.073450
57.300000 1.075625
57.400000 1.077801
57.500000 1.079978
57.600000 1.082155
57.700000 1.084333
57.800000 1.086511
57.900000 1.088691
58.000000 1.090870
58.100000 1.093051
58.200000 1.095232
58.300000 1.097414
58.400000 1.099597
58.500000 1.101780
58.600000 1.103964
58.700000 1.106148
58.800000 1.108333
58.900000 1.110519
59.000000 1.112705
59.100000 1.114891
59.200000 1.117079
59.300000 1.119267
59.400000 1.121455
59.500000 1.123644
59.600000 1.125833
59.700000 1.128023
59.800000 1.130214
59.900000 1.132404
60.000000 1.134596
60.100000 1.136788
60.200000 1.138980
60.300000 1.141173
60.400000 1.143366
60.500000 1.145560
60.600000 1.147754
60.700000 1.149948
60.800000 1.152143
60.900000 1.154339
61.000000 1.156534
61.100000 1.158730
61.200000 1.160927
61.300000 1.163124
61.400000 1.165321
61.500000 1.167518
61.600000 1.169716
61.700000 1.171915
61.800000 1.174113
61.900000 1.176312
62.000000 1.178511
62.100000 1.180710
62.200000 1.182910
62.300000 1.185110
62.400000 1.187310
62.500000 1.189510
62.600000 1.191711
62.700000 1.193912
62.800000 1.196113
62.900000 1.198315
63.000000 1.200516
63.100000 1.202718
63.200000 1.204920
63.300000 1.207122
63.400000 1.209324
63.500000 1.211527
63.600000 1.213729
63.700000 1.215932
63.800000 1.218135
63.900000 1.220338
64.000000 1.222541
64.100000 1.224744
64.200000 1.226948
64.300000 1.229151
64.400000 1.231355
64.500000 1.233558
64.600000 1.235762
64.700000 1.237966
64.800000 1.240169
64.900000 1.242373
65.000000 1.244577
65.100000 1.246781
65.200000 1.248985
65.300000 1.251189
65.400000 1.253392
65.500000 1.255596
65.600000 1.257800
65.700000 1.260004
65.800000 1.262208
65.900000 1.264411
66.000000 1.266615
66.100000 1.268819
66.200000 1.271022
66.300000 1.273226
66.400000 1.275429
66.500000 1.277632
66.600000 1.279836
66.700000 1.282039
66.800000 1.284242
66.900000 1.286444
67.000000 1.288647
67.100000 1.290850
67.200000 1.293052
67.300000 1.295254
67.400000 1.297456
67.500000 1.299658
67.600000 1.301860
67.700000 1.304061
67.800000 1.306263
67.900000 1.308464
68.000000 1.310664
68.100000 1.312865
68.200000 1.315065
68.300000 1.317266
68.400000 1.319465
68.500000 1.321665
68.600000 1.323864
68.700000 1.326063
68.800000 1.328262
68.900000 1.330461
69.000000 1.332659
69.100000 1.334857
69.200000 1.337054
69.300000 1.339251
69.400000 1.341448
69.500000 1.343645
69.600000 1.345841
69.700000 1.348037
69.800000 1.350232
69.900000 1.352427
70.000000 1.354622
70.100000 1.356816
70.200000 1.359010
70.300000 1.361203
70.400000 1.363396
70.500000 1.365589
70.600000 1.367781
70.700000 1.369972
70.800000 1.372164
70.900000 1.374354
71.000000 1.376544
71.100000 1.378734
71.200000 1.380923
71.300000 1.383112
71.400000 1.385300
71.500000 1.387488
71.600000 1.389675
71.700000 1.391862
71.800000 1.394048
71.900000 1.396233
72.000000 1.398418
72.100000 1.400602
72.200000 1.402786
72.300000 1.404969
72.400000 1.407151
72.500000 1.409333
72.600000 1.411514
72.700000 1.413695
72.800000 1.415874
72.900000 1.418054
73.000000 1.420232
73.100000 1.422410
73.200000 1.424587
73.300000 1.426763
73.400000 1.428939
73.500000 1.431114
73.600000 1.433288
73.700000 1.435461
73.800000 1.437634
73.900000 1.439806
74.000000 1.441977
74.100000 1.444147
74.200000 1.446316
74.300000 1.448485
74.400000 1.450653
74.500000 1.452820
74.600000 1.454986
74.700000 1.457151
74.800000 1.459315
74.900000 1.461478
75.000000 1.463641
75.100000 1.465802
75.200000 1.467963
75.300000 1.470123
75.400000 1.472281
75.500000 1.474439
75.600000 1.476595
75.700000 1.478751
75.800000 1.480906
75.900000 1.483059
76.000000 1.485212
76.100000 1.487363
76.200000 1.489514
76.300000 1.491663
76.400000 1.493811
76.500000 1.495958
76.600000 1.498104
76.700000 1.500249
76.800000 1.502392
76.900000 1.504535
77.000000 1.506676
77.100000 1.508816
77.200000 1.510955
77.300000 1.513092
77.400000 1.515229
77.500000 1.517363
77.600000 1.519497
77.700000 1.521629
77.800000 1.523760
77.900000 1.525890
78.000000 1.528018
78.100000 1.530145
78.200000 1.532271
78.300000 1.534395
78.400000 1.536517
78.500000 1.538639
78.600000 1.540758
78.700000 1.542877
78.800000 1.544993
78.900000 1.547108
79.000000 1.549222
79.100000 1.551334
79.200000 1.553445
79.300000 1.555553
79.400000 1.557661
79.500000 1.559766
79.600000 1.561870
79.700000 1.563972
79.800000 1.566073
79.900000 1.568171
80.000000 1.570268
80.100000 1.572364
80.200000 1.574457
80.300000 1.576549
80.400000 1.578638
80.500000 1.580726
80.600000 1.582812
80.700000 1.584896
80.800000 1.586978
80.900000 1.589059
81.000000 1.591137
81.100000 1.593213
81.200000 1.595287
81.300000 1.597359
81.400000 1.599429
81.500000 1.601497
81.600000 1.603563
81.700000 1.605627
81.800000 1.607688
81.900000 1.609747
82.000000 1.611804
82.100000 1.613859
82.200000 1.615911
82.300000 1.617962
82.400000 1.620009
82.500000 1.622055
82.600000 1.624098
82.700000 1.626139
82.800000 1.628177
82.900000 1.630213
83.000000 1.632246
83.100000 1.634276
83.200000 1.636305
83.300000 1.638330
83.400000 1.640353
83.500000 1.642373
83.600000 1.644391
83.700000 1.646406
83.800000 1.648418
83.900000 1.650427
84.000000 1.652434
84.100000 1.654437
84.200000 1.656438
84.300000 1.658436
84.400000 1.660431
84.500000 1.662423
84.600000 1.664412
84.700000 1.666398
84.800000 1.668381
84.900000 1.670361
85.000000 1.672338
85.100000 1.674324
85.200000 1.676307
85.300000 1.678287
85.400000 1.680264
85.500000 1.682238
85.600000 1.684210
85.700000 1.686178
85.800000 1.688144
85.900000 1.690106
86.000000 1.692066
86.100000 1.694022
86.200000 1.695976
86.300000 1.697926
86.400000 1.699873
86.500000 1.701817
86.600000 1.703758
86.700000 1.705695
86.800000 1.707629
86.900000 1.709560
87.000000 1.711488
87.100000 1.713412
87.200000 1.715333
87.300000 1.717250
87.400000 1.719164
87.500000 1.721075
87.600000 1.722982
87.700000 1.724885
87.800000 1.726785
87.900000 1.728681
88.000000 1.730573
88.100000 1.732462
88.200000 1.734347
88.300000 1.736228
88.400000 1.738106
88.500000 1.739980
88.600000 1.741849
88.700000 1.743715
88.800000 1.745577
88.900000 1.747435
89.000000 1.749289
89.100000 1.751138
89.200000 1.752984
89.300000 1.754825
89.400000 1.756662
89.500000 1.758495
89.600000 1.760324
89.700000 1.762153
89.800000 1.763968
89.900000 1.764002
90.000000 1.764037
90.100000 1.771167
90.200000 1.771203
90.300000 1.773000
90.400000 1.774793
90.500000 1.776581
90.600000 1.778364
90.700000 1.780142
90.800000 1.781915
90.900000 1.783684
91.000000 1.785447
91.100000 1.787206
91.200000 1.788959
91.300000 1.790708
91.400000 1.792451
91.500000 1.794189
91.600000 1.795926
91.700000 1.797657
91.800000 1.799384
91.900000 1.801105
92.000000 1.802820
92.100000 1.804530
92.200000 1.806235
92.300000 1.807933
92.400000 1.809626
92.500000 1.811314
92.600000 1.812995
92.700000 1.814671
92.800000 1.816340
92.900000 1.818004
93.000000 1.819661
93.100000 1.821312
93.200000 1.822957
93.300000 1.824596
93.400000 1.826228
93.500000 1.827854
93.600000 1.829473
93.700000 1.831086
93.800000 1.832692
93.900000 1.834291
94.000000 1.835884
94.100000 1.837469
94.200000 1.839048
94.300000 1.840620
94.400000 1.842184
94.500000 1.843742
94.600000 1.845292
94.700000 1.846835
94.800000 1.848371
94.900000 1.849899
95.000000 1.851419
95.100000 1.852932
95.200000 1.854438
95.300000 1.855935
95.400000 1.857425
95.500000 1.858907
95.600000 1.860381
95.700000 1.861847
95.800000 1.863305
95.900000 1.864754
96.000000 1.866196
96.100000 1.867629
96.200000 1.869053
96.300000 1.870470
96.400000 1.871877
96.500000 1.873276
96.600000 1.874667
96.700000 1.876048
96.800000 1.877421
96.900000 1.878785
97.000000 1.880139
97.100000 1.881485
97.200000 1.882822
97.300000 1.884149
97.400000 1.885467
97.500000 1.886776
97.600000 1.888075
97.700000 1.889365
97.800000 1.890645
97.900000 1.891916
98.000000 1.893176
98.100000 1.894428
98.200000 1.895669
98.300000 1.896900
98.400000 1.898121
98.500000 1.899333
98.600000 1.900534
98.700000 1.901725
98.800000 1.902905
98.900000 1.904075
99.000000 1.905235
99.100000 1.906385
99.200000 1.907524
99.300000 1.908652
99.400000 1.909769
99.500000 1.910876
99.600000 1.911972
99.700000 1.913057
99.800000 1.914131
99.900000 1.915194
100.000000 1.916246